Linux 4.2.0-27-generic (rizhikote-M5400) 	07.09.2016 	_x86_64_	(4 CPU)

#      Time   UID      TGID       TID    %usr %system  %guest    %CPU   CPU  minflt/s  majflt/s     VSZ    RSS   %MEM   kB_rd/s   kB_wr/s kB_ccwr/s  Command
 1473280513  1000      7283         0    9,00    1,00    0,00   10,00     2     55,00      0,00  594764 157548   4,15      0,00      0,00      0,00  skype
 1473280513  1000         0      7283    1,00    1,00    0,00    2,00     2      0,00      0,00  594764 157548   4,15      0,00      0,00      0,00  |__skype
 1473280513  1000         0      7286    0,00    0,00    0,00    0,00     1      0,00      0,00  594764 157548   4,15      0,00      0,00      0,00  |__skype
 1473280513  1000         0      7288    0,00    0,00    0,00    0,00     0      0,00      0,00  594764 157548   4,15      0,00      0,00      0,00  |__skype
 1473280513  1000         0      7289    0,00    0,00    0,00    0,00     2      0,00      0,00  594764 157548   4,15      0,00      0,00      0,00  |__skype
 1473280513  1000         0      7290    0,00    0,00    0,00    0,00     3      0,00      0,00  594764 157548   4,15      0,00      0,00      0,00  |__skype
 1473280513  1000         0      7291    1,00    0,00    0,00    1,00     0      3,00      0,00  594764 157548   4,15      0,00      0,00      0,00  |__skype
 1473280513  1000         0      7292    0,00    0,00    0,00    0,00     2      0,00      0,00  594764 157548   4,15      0,00      0,00      0,00  |__skype
 1473280513  1000         0      7293    1,00    0,00    0,00    1,00     3      0,00      0,00  594764 157548   4,15      0,00      0,00      0,00  |__skype
 1473280513  1000         0      7295    0,00    0,00    0,00    0,00     0      0,00      0,00  594764 157548   4,15      0,00      0,00      0,00  |__skype
 1473280513  1000         0      7296    0,00    0,00    0,00    0,00     3      0,00      0,00  594764 157548   4,15      0,00      0,00      0,00  |__skype
 1473280513  1000         0      7297    0,00    0,00    0,00    0,00     0      0,00      0,00  594764 157548   4,15      0,00      0,00      0,00  |__skype
 1473280513  1000         0      7298    0,00    0,00    0,00    0,00     3      0,00      0,00  594764 157548   4,15      0,00      0,00      0,00  |__skype
 1473280513  1000         0      7299    0,00    0,00    0,00    0,00     2      0,00      0,00  594764 157548   4,15      0,00      0,00      0,00  |__skype
 1473280513  1000         0      7300    0,00    0,00    0,00    0,00     0      0,00      0,00  594764 157548   4,15      0,00      0,00      0,00  |__skype
 1473280513  1000         0      7301    0,00    0,00    0,00    0,00     3      0,00      0,00  594764 157548   4,15      0,00      0,00      0,00  |__skype
 1473280513  1000         0      7302    0,00    0,00    0,00    0,00     0      0,00      0,00  594764 157548   4,15      0,00      0,00      0,00  |__skype
 1473280513  1000         0      7304    0,00    0,00    0,00    0,00     2      0,00      0,00  594764 157548   4,15      0,00      0,00      0,00  |__skype
 1473280513  1000         0      7305    0,00    0,00    0,00    0,00     2      0,00      0,00  594764 157548   4,15      0,00      0,00      0,00  |__skype
 1473280513  1000         0      7307    0,00    0,00    0,00    0,00     2      0,00      0,00  594764 157548   4,15      0,00      0,00      0,00  |__QThread
 1473280513  1000         0      7308    0,00    0,00    0,00    0,00     0      0,00      0,00  594764 157548   4,15      0,00      0,00      0,00  |__skype
 1473280513  1000         0      7314    0,00    0,00    0,00    0,00     3      0,00      0,00  594764 157548   4,15      0,00      0,00      0,00  |__skype
 1473280513  1000         0      7318    1,00    0,00    0,00    1,00     1     52,00      0,00  594764 157548   4,15      0,00      0,00      0,00  |__threaded-ml
 1473280513  1000         0      7319    0,00    0,00    0,00    0,00     0      0,00      0,00  594764 157548   4,15      0,00      0,00      0,00  |__skype
 1473280513  1000         0      7324    0,00    0,00    0,00    0,00     1      0,00      0,00  594764 157548   4,15      0,00      0,00      0,00  |__QThread
 1473280513  1000         0     10570    0,00    0,00    0,00    0,00     2      0,00      0,00  594764 157548   4,15      0,00      0,00      0,00  |__skype
 1473280513  1000         0     10571    0,00    0,00    0,00    0,00     0      0,00      0,00  594764 157548   4,15      0,00      0,00      0,00  |__skype
 1473280513  1000         0     10572    4,00    0,00    0,00    4,00     2      0,00      0,00  594764 157548   4,15      0,00      0,00      0,00  |__skype

#      Time   UID      TGID       TID    %usr %system  %guest    %CPU   CPU  minflt/s  majflt/s     VSZ    RSS   %MEM   kB_rd/s   kB_wr/s kB_ccwr/s  Command
 1473280514  1000      7283         0    8,00    3,00    0,00   11,00     0     56,00      0,00  594764 157548   4,15      0,00      0,00      0,00  skype
 1473280514  1000         0      7283    2,00    1,00    0,00    3,00     0      0,00      0,00  594764 157548   4,15      0,00      0,00      0,00  |__skype
 1473280514  1000         0      7286    0,00    0,00    0,00    0,00     1      0,00      0,00  594764 157548   4,15      0,00      0,00      0,00  |__skype
 1473280514  1000         0      7288    0,00    0,00    0,00    0,00     0      0,00      0,00  594764 157548   4,15      0,00      0,00      0,00  |__skype
 1473280514  1000         0      7289    0,00    0,00    0,00    0,00     2      0,00      0,00  594764 157548   4,15      0,00      0,00      0,00  |__skype
 1473280514  1000         0      7290    0,00    0,00    0,00    0,00     3      0,00      0,00  594764 157548   4,15      0,00      0,00      0,00  |__skype
 1473280514  1000         0      7291    0,00    0,00    0,00    0,00     0      3,00      0,00  594764 157548   4,15      0,00      0,00      0,00  |__skype
 1473280514  1000         0      7292    0,00    0,00    0,00    0,00     2      0,00      0,00  594764 157548   4,15      0,00      0,00      0,00  |__skype
 1473280514  1000         0      7293    0,00    1,00    0,00    1,00     1      0,00      0,00  594764 157548   4,15      0,00      0,00      0,00  |__skype
 1473280514  1000         0      7295    0,00    0,00    0,00    0,00     0      0,00      0,00  594764 157548   4,15      0,00      0,00      0,00  |__skype
 1473280514  1000         0      7296    0,00    0,00    0,00    0,00     3      0,00      0,00  594764 157548   4,15      0,00      0,00      0,00  |__skype
 1473280514  1000         0      7297    0,00    0,00    0,00    0,00     0      0,00      0,00  594764 157548   4,15      0,00      0,00      0,00  |__skype
 1473280514  1000         0      7298    0,00    0,00    0,00    0,00     3      0,00      0,00  594764 157548   4,15      0,00      0,00      0,00  |__skype
 1473280514  1000         0      7299    0,00    0,00    0,00    0,00     2      0,00      0,00  594764 157548   4,15      0,00      0,00      0,00  |__skype
 1473280514  1000         0      7300    0,00    0,00    0,00    0,00     0      0,00      0,00  594764 157548   4,15      0,00      0,00      0,00  |__skype
 1473280514  1000         0      7301    0,00    0,00    0,00    0,00     2      0,00      0,00  594764 157548   4,15      0,00      0,00      0,00  |__skype
 1473280514  1000         0      7302    0,00    0,00    0,00    0,00     0      0,00      0,00  594764 157548   4,15      0,00      0,00      0,00  |__skype
 1473280514  1000         0      7304    0,00    0,00    0,00    0,00     2      0,00      0,00  594764 157548   4,15      0,00      0,00      0,00  |__skype
 1473280514  1000         0      7305    0,00    0,00    0,00    0,00     2      0,00      0,00  594764 157548   4,15      0,00      0,00      0,00  |__skype
 1473280514  1000         0      7307    0,00    0,00    0,00    0,00     2      0,00      0,00  594764 157548   4,15      0,00      0,00      0,00  |__QThread
 1473280514  1000         0      7308    0,00    0,00    0,00    0,00     0      0,00      0,00  594764 157548   4,15      0,00      0,00      0,00  |__skype
 1473280514  1000         0      7314    0,00    0,00    0,00    0,00     3      0,00      0,00  594764 157548   4,15      0,00      0,00      0,00  |__skype
 1473280514  1000         0      7318    1,00    1,00    0,00    2,00     1     53,00      0,00  594764 157548   4,15      0,00      0,00      0,00  |__threaded-ml
 1473280514  1000         0      7319    0,00    0,00    0,00    0,00     0      0,00      0,00  594764 157548   4,15      0,00      0,00      0,00  |__skype
 1473280514  1000         0      7324    0,00    0,00    0,00    0,00     1      0,00      0,00  594764 157548   4,15      0,00      0,00      0,00  |__QThread
 1473280514  1000         0     10570    0,00    0,00    0,00    0,00     2      0,00      0,00  594764 157548   4,15      0,00      0,00      0,00  |__skype
 1473280514  1000         0     10571    0,00    0,00    0,00    0,00     0      0,00      0,00  594764 157548   4,15      0,00      0,00      0,00  |__skype
 1473280514  1000         0     10572    5,00    0,00    0,00    5,00     3      0,00      0,00  594764 157548   4,15      0,00      0,00      0,00  |__skype

#      Time   UID      TGID       TID    %usr %system  %guest    %CPU   CPU  minflt/s  majflt/s     VSZ    RSS   %MEM   kB_rd/s   kB_wr/s kB_ccwr/s  Command
 1473280515  1000      7283         0    9,00    2,00    0,00   11,00     3     56,00      0,00  594764 157548   4,15      0,00      0,00      0,00  skype
 1473280515  1000         0      7283    1,00    1,00    0,00    2,00     3      0,00      0,00  594764 157548   4,15      0,00      0,00      0,00  |__skype
 1473280515  1000         0      7286    0,00    0,00    0,00    0,00     1      0,00      0,00  594764 157548   4,15      0,00      0,00      0,00  |__skype
 1473280515  1000         0      7288    0,00    0,00    0,00    0,00     0      0,00      0,00  594764 157548   4,15      0,00      0,00      0,00  |__skype
 1473280515  1000         0      7289    0,00    0,00    0,00    0,00     2      0,00      0,00  594764 157548   4,15      0,00      0,00      0,00  |__skype
 1473280515  1000         0      7290    0,00    0,00    0,00    0,00     3      0,00      0,00  594764 157548   4,15      0,00      0,00      0,00  |__skype
 1473280515  1000         0      7291    0,00    0,00    0,00    0,00     2      3,00      0,00  594764 157548   4,15      0,00      0,00      0,00  |__skype
 1473280515  1000         0      7292    0,00    0,00    0,00    0,00     2      0,00      0,00  594764 157548   4,15      0,00      0,00      0,00  |__skype
 1473280515  1000         0      7293    0,00    0,00    0,00    0,00     1      0,00      0,00  594764 157548   4,15      0,00      0,00      0,00  |__skype
 1473280515  1000         0      7295    0,00    0,00    0,00    0,00     0      0,00      0,00  594764 157548   4,15      0,00      0,00      0,00  |__skype
 1473280515  1000         0      7296    0,00    0,00    0,00    0,00     3      0,00      0,00  594764 157548   4,15      0,00      0,00      0,00  |__skype
 1473280515  1000         0      7297    0,00    0,00    0,00    0,00     2      0,00      0,00  594764 157548   4,15      0,00      0,00      0,00  |__skype
 1473280515  1000         0      7298    0,00    0,00    0,00    0,00     3      0,00      0,00  594764 157548   4,15      0,00      0,00      0,00  |__skype
 1473280515  1000         0      7299    0,00    0,00    0,00    0,00     2      0,00      0,00  594764 157548   4,15      0,00      0,00      0,00  |__skype
 1473280515  1000         0      7300    0,00    0,00    0,00    0,00     0      0,00      0,00  594764 157548   4,15      0,00      0,00      0,00  |__skype
 1473280515  1000         0      7301    0,00    0,00    0,00    0,00     3      0,00      0,00  594764 157548   4,15      0,00      0,00      0,00  |__skype
 1473280515  1000         0      7302    0,00    0,00    0,00    0,00     1      0,00      0,00  594764 157548   4,15      0,00     16,00      0,00  |__skype
 1473280515  1000         0      7304    0,00    0,00    0,00    0,00     2      0,00      0,00  594764 157548   4,15      0,00      0,00      0,00  |__skype
 1473280515  1000         0      7305    0,00    0,00    0,00    0,00     2      0,00      0,00  594764 157548   4,15      0,00      0,00      0,00  |__skype
 1473280515  1000         0      7307    0,00    0,00    0,00    0,00     2      0,00      0,00  594764 157548   4,15      0,00      0,00      0,00  |__QThread
 1473280515  1000         0      7308    0,00    0,00    0,00    0,00     0      0,00      0,00  594764 157548   4,15      0,00      0,00      0,00  |__skype
 1473280515  1000         0      7314    0,00    0,00    0,00    0,00     3      0,00      0,00  594764 157548   4,15      0,00      0,00      0,00  |__skype
 1473280515  1000         0      7318    2,00    1,00    0,00    3,00     2     53,00      0,00  594764 157548   4,15      0,00      0,00      0,00  |__threaded-ml
 1473280515  1000         0      7319    0,00    0,00    0,00    0,00     0      0,00      0,00  594764 157548   4,15      0,00      0,00      0,00  |__skype
 1473280515  1000         0      7324    0,00    0,00    0,00    0,00     1      0,00      0,00  594764 157548   4,15      0,00      0,00      0,00  |__QThread
 1473280515  1000         0     10570    0,00    0,00    0,00    0,00     2      0,00      0,00  594764 157548   4,15      0,00      0,00      0,00  |__skype
 1473280515  1000         0     10571    1,00    1,00    0,00    2,00     3      0,00      0,00  594764 157548   4,15      0,00      0,00      0,00  |__skype
 1473280515  1000         0     10572    5,00    0,00    0,00    5,00     0      0,00      0,00  594764 157548   4,15      0,00      0,00      0,00  |__skype

#      Time   UID      TGID       TID    %usr %system  %guest    %CPU   CPU  minflt/s  majflt/s     VSZ    RSS   %MEM   kB_rd/s   kB_wr/s kB_ccwr/s  Command
 1473280516  1000      7283         0    7,00    3,00    0,00   10,00     0     56,00      0,00  594764 157548   4,15      0,00     16,00      0,00  skype
 1473280516  1000         0      7283    1,00    1,00    0,00    2,00     0      0,00      0,00  594764 157548   4,15      0,00      0,00      0,00  |__skype
 1473280516  1000         0      7286    0,00    0,00    0,00    0,00     1      0,00      0,00  594764 157548   4,15      0,00      0,00      0,00  |__skype
 1473280516  1000         0      7288    0,00    0,00    0,00    0,00     0      0,00      0,00  594764 157548   4,15      0,00      0,00      0,00  |__skype
 1473280516  1000         0      7289    0,00    0,00    0,00    0,00     2      0,00      0,00  594764 157548   4,15      0,00      0,00      0,00  |__skype
 1473280516  1000         0      7290    0,00    0,00    0,00    0,00     3      0,00      0,00  594764 157548   4,15      0,00      0,00      0,00  |__skype
 1473280516  1000         0      7291    0,00    0,00    0,00    0,00     2      3,00      0,00  594764 157548   4,15      0,00      0,00      0,00  |__skype
 1473280516  1000         0      7292    0,00    0,00    0,00    0,00     2      0,00      0,00  594764 157548   4,15      0,00      0,00      0,00  |__skype
 1473280516  1000         0      7293    0,00    0,00    0,00    0,00     1      0,00      0,00  594764 157548   4,15      0,00      0,00      0,00  |__skype
 1473280516  1000         0      7295    0,00    0,00    0,00    0,00     0      0,00      0,00  594764 157548   4,15      0,00      0,00      0,00  |__skype
 1473280516  1000         0      7296    0,00    0,00    0,00    0,00     3      0,00      0,00  594764 157548   4,15      0,00      0,00      0,00  |__skype
 1473280516  1000         0      7297    0,00    0,00    0,00    0,00     2      0,00      0,00  594764 157548   4,15      0,00      0,00      0,00  |__skype
 1473280516  1000         0      7298    0,00    0,00    0,00    0,00     3      0,00      0,00  594764 157548   4,15      0,00      0,00      0,00  |__skype
 1473280516  1000         0      7299    0,00    0,00    0,00    0,00     2      0,00      0,00  594764 157548   4,15      0,00      0,00      0,00  |__skype
 1473280516  1000         0      7300    0,00    0,00    0,00    0,00     0      0,00      0,00  594764 157548   4,15      0,00      0,00      0,00  |__skype
 1473280516  1000         0      7301    0,00    0,00    0,00    0,00     3      0,00      0,00  594764 157548   4,15      0,00      0,00      0,00  |__skype
 1473280516  1000         0      7302    0,00    0,00    0,00    0,00     1      0,00      0,00  594764 157548   4,15      0,00      0,00      0,00  |__skype
 1473280516  1000         0      7304    0,00    0,00    0,00    0,00     2      0,00      0,00  594764 157548   4,15      0,00      0,00      0,00  |__skype
 1473280516  1000         0      7305    0,00    0,00    0,00    0,00     2      0,00      0,00  594764 157548   4,15      0,00      0,00      0,00  |__skype
 1473280516  1000         0      7307    0,00    0,00    0,00    0,00     2      0,00      0,00  594764 157548   4,15      0,00      0,00      0,00  |__QThread
 1473280516  1000         0      7308    0,00    0,00    0,00    0,00     0      0,00      0,00  594764 157548   4,15      0,00      0,00      0,00  |__skype
 1473280516  1000         0      7314    0,00    0,00    0,00    0,00     3      0,00      0,00  594764 157548   4,15      0,00      0,00      0,00  |__skype
 1473280516  1000         0      7318    0,00    1,00    0,00    1,00     3     53,00      0,00  594764 157548   4,15      0,00      0,00      0,00  |__threaded-ml
 1473280516  1000         0      7319    0,00    0,00    0,00    0,00     0      0,00      0,00  594764 157548   4,15      0,00      0,00      0,00  |__skype
 1473280516  1000         0      7324    0,00    0,00    0,00    0,00     1      0,00      0,00  594764 157548   4,15      0,00      0,00      0,00  |__QThread
 1473280516  1000         0     10570    0,00    0,00    0,00    0,00     2      0,00      0,00  594764 157548   4,15      0,00      0,00      0,00  |__skype
 1473280516  1000         0     10571    0,00    0,00    0,00    0,00     3      0,00      0,00  594764 157548   4,15      0,00      0,00      0,00  |__skype
 1473280516  1000         0     10572    5,00    0,00    0,00    5,00     2      0,00      0,00  594764 157548   4,15      0,00      0,00      0,00  |__skype

#      Time   UID      TGID       TID    %usr %system  %guest    %CPU   CPU  minflt/s  majflt/s     VSZ    RSS   %MEM   kB_rd/s   kB_wr/s kB_ccwr/s  Command
 1473280517  1000      7283         0    8,00    3,00    0,00   11,00     1     56,00      0,00  594764 157548   4,15      0,00      0,00      0,00  skype
 1473280517  1000         0      7283    1,00    1,00    0,00    2,00     1      0,00      0,00  594764 157548   4,15      0,00      0,00      0,00  |__skype
 1473280517  1000         0      7286    0,00    0,00    0,00    0,00     1      0,00      0,00  594764 157548   4,15      0,00      0,00      0,00  |__skype
 1473280517  1000         0      7288    0,00    0,00    0,00    0,00     0      0,00      0,00  594764 157548   4,15      0,00      0,00      0,00  |__skype
 1473280517  1000         0      7289    0,00    0,00    0,00    0,00     2      0,00      0,00  594764 157548   4,15      0,00      0,00      0,00  |__skype
 1473280517  1000         0      7290    0,00    0,00    0,00    0,00     3      0,00      0,00  594764 157548   4,15      0,00      0,00      0,00  |__skype
 1473280517  1000         0      7291    1,00    0,00    0,00    1,00     0      3,00      0,00  594764 157548   4,15      0,00      0,00      0,00  |__skype
 1473280517  1000         0      7292    0,00    0,00    0,00    0,00     2      0,00      0,00  594764 157548   4,15      0,00      0,00      0,00  |__skype
 1473280517  1000         0      7293    0,00    0,00    0,00    0,00     1      0,00      0,00  594764 157548   4,15      0,00      0,00      0,00  |__skype
 1473280517  1000         0      7295    0,00    0,00    0,00    0,00     0      0,00      0,00  594764 157548   4,15      0,00      0,00      0,00  |__skype
 1473280517  1000         0      7296    0,00    0,00    0,00    0,00     3      0,00      0,00  594764 157548   4,15      0,00      0,00      0,00  |__skype
 1473280517  1000         0      7297    0,00    0,00    0,00    0,00     2      0,00      0,00  594764 157548   4,15      0,00      0,00      0,00  |__skype
 1473280517  1000         0      7298    0,00    0,00    0,00    0,00     3      0,00      0,00  594764 157548   4,15      0,00      0,00      0,00  |__skype
 1473280517  1000         0      7299    0,00    0,00    0,00    0,00     2      0,00      0,00  594764 157548   4,15      0,00      0,00      0,00  |__skype
 1473280517  1000         0      7300    0,00    0,00    0,00    0,00     0      0,00      0,00  594764 157548   4,15      0,00      0,00      0,00  |__skype
 1473280517  1000         0      7301    0,00    0,00    0,00    0,00     3      0,00      0,00  594764 157548   4,15      0,00      0,00      0,00  |__skype
 1473280517  1000         0      7302    0,00    0,00    0,00    0,00     1      0,00      0,00  594764 157548   4,15      0,00      0,00      0,00  |__skype
 1473280517  1000         0      7304    0,00    0,00    0,00    0,00     2      0,00      0,00  594764 157548   4,15      0,00      0,00      0,00  |__skype
 1473280517  1000         0      7305    0,00    0,00    0,00    0,00     2      0,00      0,00  594764 157548   4,15      0,00      0,00      0,00  |__skype
 1473280517  1000         0      7307    0,00    0,00    0,00    0,00     2      0,00      0,00  594764 157548   4,15      0,00      0,00      0,00  |__QThread
 1473280517  1000         0      7308    0,00    0,00    0,00    0,00     0      0,00      0,00  594764 157548   4,15      0,00      0,00      0,00  |__skype
 1473280517  1000         0      7314    0,00    0,00    0,00    0,00     3      0,00      0,00  594764 157548   4,15      0,00      0,00      0,00  |__skype
 1473280517  1000         0      7318    1,00    1,00    0,00    2,00     2     53,00      0,00  594764 157548   4,15      0,00      0,00      0,00  |__threaded-ml
 1473280517  1000         0      7319    0,00    0,00    0,00    0,00     0      0,00      0,00  594764 157548   4,15      0,00      0,00      0,00  |__skype
 1473280517  1000         0      7324    0,00    0,00    0,00    0,00     1      0,00      0,00  594764 157548   4,15      0,00      0,00      0,00  |__QThread
 1473280517  1000         0     10570    0,00    0,00    0,00    0,00     2      0,00      0,00  594764 157548   4,15      0,00      0,00      0,00  |__skype
 1473280517  1000         0     10571    0,00    1,00    0,00    1,00     2      0,00      0,00  594764 157548   4,15      0,00      0,00      0,00  |__skype
 1473280517  1000         0     10572    5,00    0,00    0,00    5,00     0      0,00      0,00  594764 157548   4,15      0,00      0,00      0,00  |__skype

#      Time   UID      TGID       TID    %usr %system  %guest    %CPU   CPU  minflt/s  majflt/s     VSZ    RSS   %MEM   kB_rd/s   kB_wr/s kB_ccwr/s  Command
 1473280518  1000      7283         0   10,00    1,00    0,00   11,00     3     56,00      0,00  594764 157548   4,15      0,00      0,00      0,00  skype
 1473280518  1000         0      7283    3,00    0,00    0,00    3,00     3      0,00      0,00  594764 157548   4,15      0,00      0,00      0,00  |__skype
 1473280518  1000         0      7286    0,00    0,00    0,00    0,00     1      0,00      0,00  594764 157548   4,15      0,00      0,00      0,00  |__skype
 1473280518  1000         0      7288    0,00    0,00    0,00    0,00     0      0,00      0,00  594764 157548   4,15      0,00      0,00      0,00  |__skype
 1473280518  1000         0      7289    0,00    0,00    0,00    0,00     2      0,00      0,00  594764 157548   4,15      0,00      0,00      0,00  |__skype
 1473280518  1000         0      7290    0,00    0,00    0,00    0,00     3      0,00      0,00  594764 157548   4,15      0,00      0,00      0,00  |__skype
 1473280518  1000         0      7291    0,00    0,00    0,00    0,00     2      3,00      0,00  594764 157548   4,15      0,00      0,00      0,00  |__skype
 1473280518  1000         0      7292    0,00    0,00    0,00    0,00     2      0,00      0,00  594764 157548   4,15      0,00      0,00      0,00  |__skype
 1473280518  1000         0      7293    1,00    0,00    0,00    1,00     1      0,00      0,00  594764 157548   4,15      0,00      0,00      0,00  |__skype
 1473280518  1000         0      7295    0,00    0,00    0,00    0,00     0      0,00      0,00  594764 157548   4,15      0,00      0,00      0,00  |__skype
 1473280518  1000         0      7296    0,00    0,00    0,00    0,00     3      0,00      0,00  594764 157548   4,15      0,00      0,00      0,00  |__skype
 1473280518  1000         0      7297    0,00    0,00    0,00    0,00     2      0,00      0,00  594764 157548   4,15      0,00      0,00      0,00  |__skype
 1473280518  1000         0      7298    0,00    0,00    0,00    0,00     3      0,00      0,00  594764 157548   4,15      0,00      0,00      0,00  |__skype
 1473280518  1000         0      7299    0,00    0,00    0,00    0,00     2      0,00      0,00  594764 157548   4,15      0,00      0,00      0,00  |__skype
 1473280518  1000         0      7300    0,00    0,00    0,00    0,00     0      0,00      0,00  594764 157548   4,15      0,00      0,00      0,00  |__skype
 1473280518  1000         0      7301    0,00    0,00    0,00    0,00     3      0,00      0,00  594764 157548   4,15      0,00      0,00      0,00  |__skype
 1473280518  1000         0      7302    0,00    0,00    0,00    0,00     1      0,00      0,00  594764 157548   4,15      0,00      0,00      0,00  |__skype
 1473280518  1000         0      7304    0,00    0,00    0,00    0,00     2      0,00      0,00  594764 157548   4,15      0,00      0,00      0,00  |__skype
 1473280518  1000         0      7305    0,00    0,00    0,00    0,00     2      0,00      0,00  594764 157548   4,15      0,00      0,00      0,00  |__skype
 1473280518  1000         0      7307    0,00    0,00    0,00    0,00     2      0,00      0,00  594764 157548   4,15      0,00      0,00      0,00  |__QThread
 1473280518  1000         0      7308    0,00    0,00    0,00    0,00     0      0,00      0,00  594764 157548   4,15      0,00      0,00      0,00  |__skype
 1473280518  1000         0      7314    0,00    0,00    0,00    0,00     3      0,00      0,00  594764 157548   4,15      0,00      0,00      0,00  |__skype
 1473280518  1000         0      7318    2,00    0,00    0,00    2,00     2     53,00      0,00  594764 157548   4,15      0,00      0,00      0,00  |__threaded-ml
 1473280518  1000         0      7319    0,00    0,00    0,00    0,00     0      0,00      0,00  594764 157548   4,15      0,00      0,00      0,00  |__skype
 1473280518  1000         0      7324    0,00    0,00    0,00    0,00     1      0,00      0,00  594764 157548   4,15      0,00      0,00      0,00  |__QThread
 1473280518  1000         0     10570    0,00    0,00    0,00    0,00     2      0,00      0,00  594764 157548   4,15      0,00      0,00      0,00  |__skype
 1473280518  1000         0     10571    0,00    0,00    0,00    0,00     3      0,00      0,00  594764 157548   4,15      0,00      0,00      0,00  |__skype
 1473280518  1000         0     10572    5,00    1,00    0,00    6,00     1      0,00      0,00  594764 157548   4,15      0,00      0,00      0,00  |__skype

#      Time   UID      TGID       TID    %usr %system  %guest    %CPU   CPU  minflt/s  majflt/s     VSZ    RSS   %MEM   kB_rd/s   kB_wr/s kB_ccwr/s  Command
 1473280519  1000      7283         0   10,00    1,00    0,00   11,00     3     56,00      0,00  594764 157548   4,15      0,00      0,00      0,00  skype
 1473280519  1000         0      7283    1,00    1,00    0,00    2,00     3      0,00      0,00  594764 157548   4,15      0,00      0,00      0,00  |__skype
 1473280519  1000         0      7286    0,00    0,00    0,00    0,00     1      0,00      0,00  594764 157548   4,15      0,00      0,00      0,00  |__skype
 1473280519  1000         0      7288    0,00    0,00    0,00    0,00     0      0,00      0,00  594764 157548   4,15      0,00      0,00      0,00  |__skype
 1473280519  1000         0      7289    0,00    0,00    0,00    0,00     2      0,00      0,00  594764 157548   4,15      0,00      0,00      0,00  |__skype
 1473280519  1000         0      7290    0,00    0,00    0,00    0,00     3      0,00      0,00  594764 157548   4,15      0,00      0,00      0,00  |__skype
 1473280519  1000         0      7291    1,00    0,00    0,00    1,00     2      3,00      0,00  594764 157548   4,15      0,00      0,00      0,00  |__skype
 1473280519  1000         0      7292    0,00    0,00    0,00    0,00     2      0,00      0,00  594764 157548   4,15      0,00      0,00      0,00  |__skype
 1473280519  1000         0      7293    0,00    0,00    0,00    0,00     1      0,00      0,00  594764 157548   4,15      0,00      0,00      0,00  |__skype
 1473280519  1000         0      7295    0,00    0,00    0,00    0,00     0      0,00      0,00  594764 157548   4,15      0,00      0,00      0,00  |__skype
 1473280519  1000         0      7296    0,00    0,00    0,00    0,00     3      0,00      0,00  594764 157548   4,15      0,00      0,00      0,00  |__skype
 1473280519  1000         0      7297    0,00    0,00    0,00    0,00     2      0,00      0,00  594764 157548   4,15      0,00      0,00      0,00  |__skype
 1473280519  1000         0      7298    0,00    0,00    0,00    0,00     3      0,00      0,00  594764 157548   4,15      0,00      0,00      0,00  |__skype
 1473280519  1000         0      7299    0,00    0,00    0,00    0,00     2      0,00      0,00  594764 157548   4,15      0,00      0,00      0,00  |__skype
 1473280519  1000         0      7300    0,00    0,00    0,00    0,00     0      0,00      0,00  594764 157548   4,15      0,00      0,00      0,00  |__skype
 1473280519  1000         0      7301    0,00    0,00    0,00    0,00     3      0,00      0,00  594764 157548   4,15      0,00      0,00      0,00  |__skype
 1473280519  1000         0      7302    0,00    0,00    0,00    0,00     1      0,00      0,00  594764 157548   4,15      0,00      0,00      0,00  |__skype
 1473280519  1000         0      7304    0,00    0,00    0,00    0,00     2      0,00      0,00  594764 157548   4,15      0,00      0,00      0,00  |__skype
 1473280519  1000         0      7305    0,00    0,00    0,00    0,00     2      0,00      0,00  594764 157548   4,15      0,00      0,00      0,00  |__skype
 1473280519  1000         0      7307    0,00    0,00    0,00    0,00     2      0,00      0,00  594764 157548   4,15      0,00      0,00      0,00  |__QThread
 1473280519  1000         0      7308    0,00    0,00    0,00    0,00     0      0,00      0,00  594764 157548   4,15      0,00      0,00      0,00  |__skype
 1473280519  1000         0      7314    0,00    0,00    0,00    0,00     3      0,00      0,00  594764 157548   4,15      0,00      0,00      0,00  |__skype
 1473280519  1000         0      7318    1,00    1,00    0,00    2,00     2     53,00      0,00  594764 157548   4,15      0,00      0,00      0,00  |__threaded-ml
 1473280519  1000         0      7319    0,00    0,00    0,00    0,00     0      0,00      0,00  594764 157548   4,15      0,00      0,00      0,00  |__skype
 1473280519  1000         0      7324    0,00    0,00    0,00    0,00     1      0,00      0,00  594764 157548   4,15      0,00      0,00      0,00  |__QThread
 1473280519  1000         0     10570    0,00    0,00    0,00    0,00     2      0,00      0,00  594764 157548   4,15      0,00      0,00      0,00  |__skype
 1473280519  1000         0     10571    0,00    0,00    0,00    0,00     3      0,00      0,00  594764 157548   4,15      0,00      0,00      0,00  |__skype
 1473280519  1000         0     10572    5,00    0,00    0,00    5,00     1      0,00      0,00  594764 157548   4,15      0,00      0,00      0,00  |__skype

#      Time   UID      TGID       TID    %usr %system  %guest    %CPU   CPU  minflt/s  majflt/s     VSZ    RSS   %MEM   kB_rd/s   kB_wr/s kB_ccwr/s  Command
 1473280520  1000      7283         0    7,00    3,00    0,00   10,00     2     56,00      0,00  594764 157548   4,15      0,00      0,00      0,00  skype
 1473280520  1000         0      7283    2,00    1,00    0,00    3,00     2      0,00      0,00  594764 157548   4,15      0,00      0,00      0,00  |__skype
 1473280520  1000         0      7286    0,00    0,00    0,00    0,00     1      0,00      0,00  594764 157548   4,15      0,00      0,00      0,00  |__skype
 1473280520  1000         0      7288    0,00    0,00    0,00    0,00     0      0,00      0,00  594764 157548   4,15      0,00      0,00      0,00  |__skype
 1473280520  1000         0      7289    0,00    0,00    0,00    0,00     2      0,00      0,00  594764 157548   4,15      0,00      0,00      0,00  |__skype
 1473280520  1000         0      7290    0,00    0,00    0,00    0,00     3      0,00      0,00  594764 157548   4,15      0,00      0,00      0,00  |__skype
 1473280520  1000         0      7291    0,00    0,00    0,00    0,00     3      3,00      0,00  594764 157548   4,15      0,00      0,00      0,00  |__skype
 1473280520  1000         0      7292    0,00    0,00    0,00    0,00     2      0,00      0,00  594764 157548   4,15      0,00      0,00      0,00  |__skype
 1473280520  1000         0      7293    1,00    0,00    0,00    1,00     0      0,00      0,00  594764 157548   4,15      0,00      0,00      0,00  |__skype
 1473280520  1000         0      7295    0,00    0,00    0,00    0,00     0      0,00      0,00  594764 157548   4,15      0,00      0,00      0,00  |__skype
 1473280520  1000         0      7296    0,00    0,00    0,00    0,00     3      0,00      0,00  594764 157548   4,15      0,00      0,00      0,00  |__skype
 1473280520  1000         0      7297    0,00    0,00    0,00    0,00     2      0,00      0,00  594764 157548   4,15      0,00      0,00      0,00  |__skype
 1473280520  1000         0      7298    0,00    0,00    0,00    0,00     3      0,00      0,00  594764 157548   4,15      0,00      0,00      0,00  |__skype
 1473280520  1000         0      7299    0,00    0,00    0,00    0,00     2      0,00      0,00  594764 157548   4,15      0,00      0,00      0,00  |__skype
 1473280520  1000         0      7300    0,00    0,00    0,00    0,00     0      0,00      0,00  594764 157548   4,15      0,00      0,00      0,00  |__skype
 1473280520  1000         0      7301    0,00    0,00    0,00    0,00     3      0,00      0,00  594764 157548   4,15      0,00      0,00      0,00  |__skype
 1473280520  1000         0      7302    0,00    0,00    0,00    0,00     1      0,00      0,00  594764 157548   4,15      0,00      0,00      0,00  |__skype
 1473280520  1000         0      7304    0,00    0,00    0,00    0,00     2      0,00      0,00  594764 157548   4,15      0,00      0,00      0,00  |__skype
 1473280520  1000         0      7305    0,00    0,00    0,00    0,00     2      0,00      0,00  594764 157548   4,15      0,00      0,00      0,00  |__skype
 1473280520  1000         0      7307    0,00    0,00    0,00    0,00     2      0,00      0,00  594764 157548   4,15      0,00      0,00      0,00  |__QThread
 1473280520  1000         0      7308    0,00    0,00    0,00    0,00     0      0,00      0,00  594764 157548   4,15      0,00      0,00      0,00  |__skype
 1473280520  1000         0      7314    0,00    0,00    0,00    0,00     3      0,00      0,00  594764 157548   4,15      0,00      0,00      0,00  |__skype
 1473280520  1000         0      7318    1,00    1,00    0,00    2,00     2     53,00      0,00  594764 157548   4,15      0,00      0,00      0,00  |__threaded-ml
 1473280520  1000         0      7319    0,00    0,00    0,00    0,00     0      0,00      0,00  594764 157548   4,15      0,00      0,00      0,00  |__skype
 1473280520  1000         0      7324    0,00    0,00    0,00    0,00     1      0,00      0,00  594764 157548   4,15      0,00      0,00      0,00  |__QThread
 1473280520  1000         0     10570    0,00    0,00    0,00    0,00     2      0,00      0,00  594764 157548   4,15      0,00      0,00      0,00  |__skype
 1473280520  1000         0     10571    0,00    1,00    0,00    1,00     3      0,00      0,00  594764 157548   4,15      0,00      0,00      0,00  |__skype
 1473280520  1000         0     10572    5,00    0,00    0,00    5,00     0      0,00      0,00  594764 157548   4,15      0,00      0,00      0,00  |__skype

#      Time   UID      TGID       TID    %usr %system  %guest    %CPU   CPU  minflt/s  majflt/s     VSZ    RSS   %MEM   kB_rd/s   kB_wr/s kB_ccwr/s  Command
 1473280521  1000      7283         0    9,00    1,00    0,00   10,00     3     59,00      0,00  594764 157548   4,15      0,00      0,00      0,00  skype
 1473280521  1000         0      7283    2,00    0,00    0,00    2,00     3      0,00      0,00  594764 157548   4,15      0,00      0,00      0,00  |__skype
 1473280521  1000         0      7286    0,00    0,00    0,00    0,00     1      0,00      0,00  594764 157548   4,15      0,00      0,00      0,00  |__skype
 1473280521  1000         0      7288    0,00    0,00    0,00    0,00     0      0,00      0,00  594764 157548   4,15      0,00      0,00      0,00  |__skype
 1473280521  1000         0      7289    0,00    0,00    0,00    0,00     2      0,00      0,00  594764 157548   4,15      0,00      0,00      0,00  |__skype
 1473280521  1000         0      7290    0,00    0,00    0,00    0,00     0      0,00      0,00  594764 157548   4,15      0,00      0,00      0,00  |__skype
 1473280521  1000         0      7291    0,00    0,00    0,00    0,00     3      6,00      0,00  594764 157548   4,15      0,00      0,00      0,00  |__skype
 1473280521  1000         0      7292    0,00    0,00    0,00    0,00     2      0,00      0,00  594764 157548   4,15      0,00      0,00      0,00  |__skype
 1473280521  1000         0      7293    0,00    0,00    0,00    0,00     1      0,00      0,00  594764 157548   4,15      0,00      0,00      0,00  |__skype
 1473280521  1000         0      7295    0,00    0,00    0,00    0,00     0      0,00      0,00  594764 157548   4,15      0,00      0,00      0,00  |__skype
 1473280521  1000         0      7296    0,00    0,00    0,00    0,00     3      0,00      0,00  594764 157548   4,15      0,00      0,00      0,00  |__skype
 1473280521  1000         0      7297    0,00    0,00    0,00    0,00     2      0,00      0,00  594764 157548   4,15      0,00      0,00      0,00  |__skype
 1473280521  1000         0      7298    0,00    0,00    0,00    0,00     3      0,00      0,00  594764 157548   4,15      0,00      0,00      0,00  |__skype
 1473280521  1000         0      7299    0,00    0,00    0,00    0,00     2      0,00      0,00  594764 157548   4,15      0,00      0,00      0,00  |__skype
 1473280521  1000         0      7300    0,00    0,00    0,00    0,00     0      0,00      0,00  594764 157548   4,15      0,00      0,00      0,00  |__skype
 1473280521  1000         0      7301    0,00    0,00    0,00    0,00     3      0,00      0,00  594764 157548   4,15      0,00      0,00      0,00  |__skype
 1473280521  1000         0      7302    0,00    0,00    0,00    0,00     1      0,00      0,00  594764 157548   4,15      0,00      0,00      0,00  |__skype
 1473280521  1000         0      7304    0,00    0,00    0,00    0,00     2      0,00      0,00  594764 157548   4,15      0,00      0,00      0,00  |__skype
 1473280521  1000         0      7305    0,00    0,00    0,00    0,00     2      0,00      0,00  594764 157548   4,15      0,00      0,00      0,00  |__skype
 1473280521  1000         0      7307    0,00    0,00    0,00    0,00     1      0,00      0,00  594764 157548   4,15      0,00      0,00      0,00  |__QThread
 1473280521  1000         0      7308    0,00    0,00    0,00    0,00     0      0,00      0,00  594764 157548   4,15      0,00      0,00      0,00  |__skype
 1473280521  1000         0      7314    0,00    0,00    0,00    0,00     3      0,00      0,00  594764 157548   4,15      0,00      0,00      0,00  |__skype
 1473280521  1000         0      7318    1,00    0,00    0,00    1,00     1     53,00      0,00  594764 157548   4,15      0,00      0,00      0,00  |__threaded-ml
 1473280521  1000         0      7319    0,00    0,00    0,00    0,00     0      0,00      0,00  594764 157548   4,15      0,00      0,00      0,00  |__skype
 1473280521  1000         0      7324    0,00    0,00    0,00    0,00     1      0,00      0,00  594764 157548   4,15      0,00      0,00      0,00  |__QThread
 1473280521  1000         0     10570    0,00    0,00    0,00    0,00     2      0,00      0,00  594764 157548   4,15      0,00      0,00      0,00  |__skype
 1473280521  1000         0     10571    0,00    1,00    0,00    1,00     0      0,00      0,00  594764 157548   4,15      0,00      0,00      0,00  |__skype
 1473280521  1000         0     10572    4,00    0,00    0,00    4,00     3      0,00      0,00  594764 157548   4,15      0,00      0,00      0,00  |__skype

#      Time   UID      TGID       TID    %usr %system  %guest    %CPU   CPU  minflt/s  majflt/s     VSZ    RSS   %MEM   kB_rd/s   kB_wr/s kB_ccwr/s  Command
 1473280522  1000      7283         0    9,00    2,00    0,00   11,00     3     56,00      0,00  594764 157548   4,15      0,00      0,00      0,00  skype
 1473280522  1000         0      7283    3,00    0,00    0,00    3,00     3      0,00      0,00  594764 157548   4,15      0,00      0,00      0,00  |__skype
 1473280522  1000         0      7286    0,00    0,00    0,00    0,00     1      0,00      0,00  594764 157548   4,15      0,00      0,00      0,00  |__skype
 1473280522  1000         0      7288    0,00    0,00    0,00    0,00     0      0,00      0,00  594764 157548   4,15      0,00      0,00      0,00  |__skype
 1473280522  1000         0      7289    0,00    0,00    0,00    0,00     2      0,00      0,00  594764 157548   4,15      0,00      0,00      0,00  |__skype
 1473280522  1000         0      7290    0,00    0,00    0,00    0,00     0      0,00      0,00  594764 157548   4,15      0,00      0,00      0,00  |__skype
 1473280522  1000         0      7291    0,00    1,00    0,00    1,00     3      3,00      0,00  594764 157548   4,15      0,00      0,00      0,00  |__skype
 1473280522  1000         0      7292    0,00    0,00    0,00    0,00     2      0,00      0,00  594764 157548   4,15      0,00      0,00      0,00  |__skype
 1473280522  1000         0      7293    1,00    0,00    0,00    1,00     1      0,00      0,00  594764 157548   4,15      0,00      0,00      0,00  |__skype
 1473280522  1000         0      7295    0,00    0,00    0,00    0,00     0      0,00      0,00  594764 157548   4,15      0,00      0,00      0,00  |__skype
 1473280522  1000         0      7296    0,00    0,00    0,00    0,00     3      0,00      0,00  594764 157548   4,15      0,00      0,00      0,00  |__skype
 1473280522  1000         0      7297    0,00    0,00    0,00    0,00     2      0,00      0,00  594764 157548   4,15      0,00      0,00      0,00  |__skype
 1473280522  1000         0      7298    0,00    0,00    0,00    0,00     3      0,00      0,00  594764 157548   4,15      0,00      0,00      0,00  |__skype
 1473280522  1000         0      7299    0,00    0,00    0,00    0,00     2      0,00      0,00  594764 157548   4,15      0,00      0,00      0,00  |__skype
 1473280522  1000         0      7300    0,00    0,00    0,00    0,00     0      0,00      0,00  594764 157548   4,15      0,00      0,00      0,00  |__skype
 1473280522  1000         0      7301    0,00    0,00    0,00    0,00     3      0,00      0,00  594764 157548   4,15      0,00      0,00      0,00  |__skype
 1473280522  1000         0      7302    0,00    0,00    0,00    0,00     1      0,00      0,00  594764 157548   4,15      0,00      0,00      0,00  |__skype
 1473280522  1000         0      7304    0,00    0,00    0,00    0,00     2      0,00      0,00  594764 157548   4,15      0,00      0,00      0,00  |__skype
 1473280522  1000         0      7305    0,00    0,00    0,00    0,00     2      0,00      0,00  594764 157548   4,15      0,00      0,00      0,00  |__skype
 1473280522  1000         0      7307    0,00    0,00    0,00    0,00     1      0,00      0,00  594764 157548   4,15      0,00      0,00      0,00  |__QThread
 1473280522  1000         0      7308    0,00    0,00    0,00    0,00     0      0,00      0,00  594764 157548   4,15      0,00      0,00      0,00  |__skype
 1473280522  1000         0      7314    0,00    0,00    0,00    0,00     3      0,00      0,00  594764 157548   4,15      0,00      0,00      0,00  |__skype
 1473280522  1000         0      7318    1,00    1,00    0,00    2,00     2     53,00      0,00  594764 157548   4,15      0,00      0,00      0,00  |__threaded-ml
 1473280522  1000         0      7319    0,00    0,00    0,00    0,00     0      0,00      0,00  594764 157548   4,15      0,00      0,00      0,00  |__skype
 1473280522  1000         0      7324    0,00    0,00    0,00    0,00     1      0,00      0,00  594764 157548   4,15      0,00      0,00      0,00  |__QThread
 1473280522  1000         0     10570    0,00    0,00    0,00    0,00     2      0,00      0,00  594764 157548   4,15      0,00      0,00      0,00  |__skype
 1473280522  1000         0     10571    1,00    0,00    0,00    1,00     2      0,00      0,00  594764 157548   4,15      0,00      0,00      0,00  |__skype
 1473280522  1000         0     10572    6,00    0,00    0,00    6,00     0      0,00      0,00  594764 157548   4,15      0,00      0,00      0,00  |__skype
