-0.7682546613236668 -0.7728466873341608 -0.004592026010494021 0.0059772185470143135
-0.9537526527594719 -0.951061109618464 0.002691543141007835 0.0028220557323960795
-0.26237485370392877 -0.26483159446455135 -0.0024567407606225777 0.009363476438160623
0.6702291758433747 0.6673515121780608 -0.0028776636653139454 0.004293551771590475
0.9866275920404853 0.9706049623392189 -0.016022629701266444 0.0162397948633581
0.39592515018183416 0.40478145468909615 0.008856304507261992 0.02236863332171399
-0.5587890488516163 -0.549790989771355 0.0089980590802613 0.01610278350793287
-0.9997551733586199 -0.9765443047793488 0.023210868579271016 0.023216552609870916
-0.5215510020869119 -0.5278937868993874 -0.0063427848124755215 0.012161389369583749
0.43616475524782494 0.3946791164952388 -0.04148563875258615 0.09511460578472092
0.9928726480845371 0.9724517970656724 -0.020420851018864705 0.020567442418985837
0.6367380071391379 0.6468142366173766 0.010076229478238719 0.015824765233523896
-0.3048106211022167 -0.2662375878093061 0.038573033292910563 0.1265475368063874
-0.9661177700083929 -0.9554414819165882 0.010676288091804764 0.011050710817286816
-0.7391806966492229 -0.7543020639927844 -0.01512136734356151 0.020456929424845807
0.16735570030280691 0.12969704274860216 -0.03765865755420475 0.22502166036810597
0.9200260381967906 0.9166109247302253 -0.0034151134665653116 0.0037119747972120215
0.8268286794901034 0.8522224446705065 0.02539376518040304 0.030712245245367042
-0.026551154023966794 -0.0446730602694116 -0.018121906245444803 0.6825280072228422
-0.8555199789753223 -0.8470103696218128 0.008509609353509529 0.009946710261169705
-0.8979276806892913 -0.9134598927300195 -0.015532212040728188 0.0172978429942208
-0.11478481378318722 -0.10351457282798682 0.011270240955200406 0.0981858190447418
0.7738906815578891 0.7835744214822151 0.00968373992432603 0.012513059215071657
0.9510546532543747 0.9427133804004156 -0.008341272853959025 0.008770550488782499
0.25382336276203626 0.27903530165427737 0.025211938892241104 0.09932867730492455
-0.6767719568873076 -0.6792142821686138 -0.002442325281306168 0.0036087861745028697
-0.9851462604682474 -0.9690228847356325 0.01612337573261491 0.016366479150975357
-0.38778163540943045 -0.4293928296351402 -0.04161119422570975 0.10730573711097874
0.5661076368981803 0.5589416386407245 -0.007165998257455786 0.012658367049629922
0.9995201585807313 0.978925469722857 -0.0205946888578743 0.02060457578676325
0.5139784559875352 0.532151170230417 0.018172714242881804 0.03535695714709591
-0.4441126687075084 -0.394316755412527 0.0497959132949814 0.11212450534208218
-0.9938886539233752 -0.9766700797917289 0.01721857413164629 0.017324449840206924
-0.6298879942744539 -0.6173806986181453 0.012507295656308592 0.019856380451758433
0.31322878243308516 0.20247662220618953 -0.11075216022689563 0.3535823220541858
0.9683644611001854 0.9496908769977221 -0.018673584102463225 0.019283632199025205
0.7331903200732922 0.7704434408722604 0.03725312079896814 0.05080961897484434
-0.1760756199485871 -0.13164063221135314 0.04443498773723395 0.2523630912116548
-0.9234584470040598 -0.9035504698432768 0.019907977160782964 0.0215580649301218
-0.8218178366308225 -0.8798369378846279 -0.05801910125380538 0.0705984935684339
0.03539830273366068 0.05512700044326998 0.0197286977096093 0.5573345665200223
0.8600694058124532 0.8495698224639201 -0.01049958334853307 0.012207832620920608
0.8939966636005579 0.913846363695598 0.019849700095040168 0.022203326816786773
0.10598751175115685 0.06523556992633565 -0.0407519418248212 0.38449758043665355
-0.7794660696158047 -0.7539491236926167 0.025516945923187984 0.03273644218505261
-0.9482821412699473 -0.9372751487132673 0.011006992556679918 0.011607297108790071
-0.24525198546765434 -0.29344765334843426 -0.04819566788077992 0.19651489380964185
0.683261714736121 0.7177969930991142 0.034535278362993194 0.05054472922770287
0.9835877454343449 0.9619895865542976 -0.021598158880047347 0.021958548162380534
0.3796077390275217 0.4818595833433502 0.10225184431582851 0.2693618538383255
-0.5733818719904229 -0.6194416023005828 -0.04605973031015986 0.0803299381444853
-0.9992068341863537 -0.9816419671264344 0.01756486705991933 0.01757880997103294
-0.5063656411097588 -0.5148831271038069 -0.008517485994048113 0.016820821364145203
0.45202578717835057 0.3648216080352746 -0.08720417914307599 0.1929185936214494
0.9948267913584063 0.9804360301682994 -0.01439076119010696 0.01446559472976879
0.6229886314423488 0.5662796959668447 -0.05670893547550415 0.09102723968527503
-0.32162240316253093 -0.08661829491520158 0.23500410824732937 0.7306832668885032
-0.9705352835374847 -0.9524540919730269 0.018081191564457866 0.018630122851952473
-0.7271425000808526 -0.7764190903443241 -0.04927659026347153 0.06776744621307702
0.18478174456066745 0.06811482915565872 -0.11666691540500873 0.6313768477637935
0.926818505417785 0.8527802901189454 -0.07403821529883958 0.07988426522133925
0.8167426066363169 0.9319797912428782 0.1152371846065613 0.14109363668580432
-0.044242678085070965 -0.18830372735205525 -0.1440610492669843 3.2561557189187322
-0.8645514486106083 -0.7981898577580274 0.06636159085258087 0.07675840571342325
-0.8899956043668333 -0.922815062040017 -0.032819457673183616 0.03687597726567678
-0.09718190589320902 0.004627389954282362 0.10180929584749138 1.0476157563669033
0.7849803886813105 0.811292639935859 0.026312251254548502 0.03351962881359429
0.9454353340247703 0.8714405708475625 -0.07399476317720777 0.07826528215547857
0.23666139336428604 0.39640158691513916 0.15974019355085312 0.6749736037637946
-0.689697940935389 -0.7871427019201462 -0.09744476098475718 0.14128614165876685
-0.9819521690440836 -0.9477949427847319 0.03415722625935169 0.03478502042783129
-0.3714041014380902 -0.5252444195325775 -0.15384031809448728 0.414212760437518
0.5806111842123143 0.6133356002397787 0.032724416027464454 0.056362014575830136
0.9988152247235795 0.9896120312502644 -0.009203193473315108 0.00921411012318327
0.4987131538963941 0.4419566815991368 -0.05675647229725728 0.11380584581301867
-0.45990349068959124 -0.27274492129359507 0.18715856939599618 0.40695183486293124
-0.9956869868891794 -0.9849820097668063 0.010704977122373172 0.010751347826507891
-0.6160404591886565 -0.4561480567316365 0.15989240245701997 0.25954854112602116
0.329990825673782 -0.07415521666606634 -0.40414604233984835 1.2247190251870024
0.972630067242408 0.898803697853327 -0.07382636938908094 0.07590385273446543
0.7210377105017316 0.8666076375452045 0.14556992704347294 0.20188947807206728
-0.19347339203846847 -0.23817905194911013 -0.044705659910641654 0.23106877612272797
-0.9301059501867618 -0.7764983697776329 0.15360758040912892 0.16515062652624155
-0.8116033871367005 -0.9613174678267501 -0.14971408069004954 0.18446704765271366
0.05308358714605824 0.27206528677767294 0.2189816996316147 4.125224224751272
0.8689657562142357 0.8655316182046733 -0.003434138009562382 0.003951983130524796
0.8859248164599484 0.8380386883711451 -0.047886128088803215 0.05405213534953289
0.08836868610400143 -0.08257185296747092 -0.17094053907147236 1.9344017276695933
-0.7904332067228887 -0.735182276120648 0.05525093060224073 0.06989955651194028
-0.9425144545582509 -0.7767217389987102 0.16579271555954067 0.17590469276913787
-0.2280522595008612 -0.4496888587240834 -0.22163659922322218 0.9718675873166923
0.6960801312247415 0.8731101364606453 0.17703000523590373 0.25432417518428857
0.9802396594403116 0.9222590143063646 -0.05798064513394696 0.05914945857939703
0.363171365373259 0.576400335302847 0.21322896992958795 0.5871304575745839
-0.5877950071674065 -0.6811938785088903 -0.09339887134148384 0.15889701375922616
-0.9983453608739179 -0.9934712335750702 0.00487412729884773 0.004882205587233944
-0.49102159389846933 -0.3089323321662452 0.18208926173222412 0.37083758432399105
0.4677451620451334 0.19563031024253796 -0.2721148518025954 0.581758773544169
0.9964691731217737 0.9854269799375401 -0.011042193184233606 0.011081319404633697
0.6090440218832924 0.2749240706402682 -0.33411995124302424 0.5485973743077799